Moore 75 85 77 59 0 85 75 89
Norman 0 78 73 0 78 70 88 89
Olson 89 86 70 90 0 73 80 84
Peerson 47 70 82 73 0 87 73 71
Russel 72 87 88 0 55 82 69 87
Thomas 90 96 99 99 100 81 97 0
Vaughn 81 97 99 67 0 90 70 96
Westerly 43 0 96 79 0 82 97 96
Baker 67 0 73 40 0 78 55 70
Davis 77 70 82 0 70 77 83 81
Edwards 77 72 73 0 90 93 75 90
Franklin 0 70 82 73 0 87 73 71
Jones 77 0 83 50 0 88 65 80
Smith 87 92 93 60 0 98 75 90
Carpenter 47 90 92 73 0 87 93 91
Fail1 45 55 65 80 90 70 0 60
Fail2 55 55 65 50 55 60 65 0
Fail3 35 25 0 0 55 60 65 75